0	alb						
60	aub						
0.5	alph						
0.98716557	beta						
0.05023708	delt1						
0.05023708	deli1						
0.01509438	delt2						
0.05023708	deli2						
1.18483424	gam						
0.01	gn						
0.02	gz						
1	lam						
0	ctran						
0.1444	taud						
0	taul						
0.33000001	taupc						
0.38209999	taupu						
1	tfp						
0.18180411	thett1						
0.19023748	theti1						
0.50206888	thett2						
0.09497613	theti2						
0.53320003	debt						
0.0436	gspend						
1	idebt						
1	ispend						
1.05E+00	irate						
7.95E-02	tauc						
0.1	debtH						
							
4	Number	of	productivity	levels			
							
12	Tax	function	for	workers			
0.00E+00	-1.41E-01	5.94E-02					
6.15E-02	-1.54E-01	2.36E-01					
1.40E-01	-1.62E-01	2.64E-01					
2.09E-01	-1.72E-01	2.93E-01					
2.84E-01	-1.82E-01	3.16E-01					
3.56E-01	-1.91E-01	3.32E-01					
4.36E-01	-2.04E-01	3.49E-01					
5.49E-01	-2.22E-01	3.67E-01					
6.99E-01	-2.44E-01	3.82E-01					
8.94E-01	-2.74E-01	3.96E-01					
1.27E+00	-3.45E-01	4.09E-01					
2.29E+00	-5.49E-01	4.09E-01					
1	Transfer	function	for	retirees			
0.00E+00	3.90E-01	0.00E+00					
							
0	Scale	"eps,ps,xi,mu"	below?	pens	health	hrate	
3.30E-01	9.99E-01	0.00E+00	8.59E-03	0	0.027377	0.7	No
3.30E-01	9.99E-01	0.00E+00	8.51E-03	0	0.027377	0.7	
3.30E-01	9.99E-01	0.00E+00	8.44E-03	0	0.0292021	0.7	
3.30E-01	9.99E-01	0.00E+00	8.32E-03	0	0.0292021	0.7	
3.30E-01	9.99E-01	0.00E+00	8.25E-03	0	0.0292021	0.7	
3.30E-01	9.99E-01	0.00E+00	8.17E-03	0	0.0292021	0.7	
3.30E-01	9.99E-01	0.00E+00	8.06E-03	0	0.0292021	0.7	
3.30E-01	9.99E-01	0.00E+00	7.98E-03	0	0.0383277	0.7	
3.30E-01	9.99E-01	0.00E+00	7.91E-03	0	0.0383277	0.7	
3.30E-01	9.99E-01	0.00E+00	7.83E-03	0	0.0383277	0.7	
3.30E-01	9.99E-01	0.00E+00	7.72E-03	0	0.0383277	0.7	
3.30E-01	9.99E-01	0.00E+00	7.64E-03	0	0.0383277	0.7	
3.30E-01	9.99E-01	0.00E+00	7.56E-03	0	0.0456284	0.7	
3.30E-01	9.99E-01	0.00E+00	7.49E-03	0	0.0456284	0.7	
3.30E-01	9.99E-01	0.00E+00	7.41E-03	0	0.0456284	0.7	
3.30E-01	9.99E-01	0.00E+00	7.30E-03	0	0.0456284	0.7	
3.30E-01	9.99E-01	0.00E+00	7.22E-03	0	0.0456284	0.7	
3.30E-01	9.99E-01	0.00E+00	7.15E-03	0	0.0492786	0.7	
3.30E-01	9.98E-01	0.00E+00	7.07E-03	0	0.0492786	0.7	
3.30E-01	9.98E-01	0.00E+00	6.99E-03	0	0.0492786	0.7	
3.30E-01	9.98E-01	0.00E+00	6.92E-03	0	0.0492786	0.7	
3.30E-01	9.98E-01	0.00E+00	6.84E-03	0	0.0492786	0.7	
3.30E-01	9.98E-01	0.00E+00	6.73E-03	0	0.0584042	0.7	
3.30E-01	9.98E-01	0.00E+00	6.65E-03	0	0.0584042	0.7	
3.30E-01	9.97E-01	0.00E+00	6.58E-03	0	0.0584042	0.7	
3.30E-01	9.97E-01	0.00E+00	6.50E-03	0	0.0584042	0.7	
3.30E-01	9.97E-01	0.00E+00	6.42E-03	0	0.0584042	0.7	
3.30E-01	9.97E-01	0.00E+00	6.35E-03	0	0.0711801	0.7	
3.30E-01	9.97E-01	0.00E+00	6.23E-03	0	0.0711801	0.7	
3.30E-01	9.96E-01	0.00E+00	6.16E-03	0	0.0711801	0.7	
3.30E-01	9.96E-01	0.00E+00	6.08E-03	0	0.0711801	0.7	
3.30E-01	9.96E-01	0.00E+00	6.01E-03	0	0.0711801	0.7	
3.30E-01	9.96E-01	0.00E+00	5.93E-03	0	0.0894315	0.7	
3.30E-01	9.95E-01	0.00E+00	5.82E-03	0	0.0894315	0.7	
3.30E-01	9.95E-01	0.00E+00	5.74E-03	0	0.0894315	0.7	
3.30E-01	9.94E-01	0.00E+00	5.66E-03	0	0.0894315	0.7	
3.30E-01	9.94E-01	0.00E+00	5.59E-03	0	0.0894315	0.7	
3.30E-01	9.93E-01	0.00E+00	5.47E-03	0	0.113158	0.7	
3.30E-01	9.93E-01	0.00E+00	5.40E-03	0	0.113158	0.7	
3.30E-01	9.92E-01	0.00E+00	5.28E-03	0	0.113158	0.7	
3.30E-01	9.91E-01	0.00E+00	5.21E-03	0	0.113158	0.7	
3.30E-01	9.90E-01	0.00E+00	5.09E-03	0	0.113158	0.7	
3.30E-01	9.89E-01	0.00E+00	5.02E-03	0	0.14601	0.7	
3.30E-01	9.88E-01	0.00E+00	4.90E-03	0	0.14601	0.7	
3.30E-01	9.87E-01	0.00E+00	4.79E-03	0	0.14601	0.7	
0.00E+00	9.85E-01	0.00E+00	4.68E-03	0	0.14601	0.7	
0.00E+00	9.84E-01	0.00E+00	4.56E-03	0	0.14601	0.7	
0.00E+00	9.82E-01	0.00E+00	4.45E-03	0.0866191	0.197114	0.7	
0.00E+00	9.80E-01	0.00E+00	4.33E-03	0.0866191	0.204177	0.7	
0.00E+00	9.79E-01	0.00E+00	4.18E-03	0.0866191	0.201609	0.7	
0.00E+00	9.77E-01	0.00E+00	4.07E-03	0.0866191	0.204819	0.7	
0.00E+00	9.74E-01	0.00E+00	3.92E-03	0.0866191	0.21766	0.7	
0.00E+00	9.72E-01	0.00E+00	3.80E-03	0.0866191	0.222797	0.7	
0.00E+00	9.69E-01	0.00E+00	3.65E-03	0.0866191	0.216376	0.7	
0.00E+00	9.67E-01	0.00E+00	3.50E-03	0.0866191	0.224081	0.7	
0.00E+00	9.64E-01	0.00E+00	3.35E-03	0.0866191	0.243343	0.7	
0.00E+00	9.60E-01	0.00E+00	3.19E-03	0.0866191	0.242701	0.9	
0.00E+00	9.56E-01	0.00E+00	3.04E-03	0.0866191	0.237564	0.9	
0.00E+00	9.51E-01	0.00E+00	2.89E-03	0.0866191	0.24848	0.9	
0.00E+00	9.46E-01	0.00E+00	2.70E-03	0.0866191	0.238206	0.9	
0.00E+00	9.40E-01	0.00E+00	2.55E-03	0.0866191	0.276088	0.9	
0.00E+00	9.34E-01	0.00E+00	2.36E-03	0.0866191	0.269668	0.9	
0.00E+00	9.26E-01	0.00E+00	2.17E-03	0.0866191	0.265815	0.9	
0.00E+00	9.18E-01	0.00E+00	2.01E-03	0.0866191	0.269668	0.9	
0.00E+00	9.09E-01	0.00E+00	1.82E-03	0.0866191	0.261321	0.9	
0.00E+00	8.98E-01	0.00E+00	1.63E-03	0.0866191	0.338369	0.9	
0.00E+00	8.87E-01	0.00E+00	1.44E-03	0.0866191	0.33259	0.9	
0.00E+00	8.74E-01	0.00E+00	1.29E-03	0.0866191	0.331306	0.9	
0.00E+00	8.60E-01	0.00E+00	1.10E-03	0.0866191	0.324243	0.9	
0.00E+00	8.45E-01	0.00E+00	9.50E-04	0.0866191	0.321675	0.9	
0.00E+00	8.29E-01	0.00E+00	7.98E-04	0.0866191	0.260037	0.9	
0.00E+00	8.12E-01	0.00E+00	6.46E-04	0.0866191	0.260037	0.9	
0.00E+00	7.93E-01	0.00E+00	5.32E-04	0.0866191	0.260037	0.9	
0.00E+00	7.73E-01	0.00E+00	4.18E-04	0.0866191	0.260037	0.9	
0.00E+00	7.52E-01	0.00E+00	3.04E-04	0.0866191	0.260037	0.9	
0.00E+00	7.31E-01	0.00E+00	2.28E-04	0.0866191	0.260037	0.9	
0.00E+00	7.11E-01	0.00E+00	1.52E-04	0.0866191	0.260037	0.9	
0.00E+00	6.90E-01	0.00E+00	1.14E-04	0.0866191	0.260037	0.9	
0.00E+00	6.71E-01	0.00E+00	7.60E-05	0.0866191	0.260037	0.9	
0.00E+00	6.53E-01	0.00E+00	3.80E-05	0.0866191	0.260037	0.9	
0.00E+00	6.34E-01	0.00E+00	3.80E-05	0.0866191	0.260037	0.9	
0.00E+00	6.14E-01	0.00E+00	3.80E-05	0.0866191	0.260037	0.9	
0.00E+00	5.93E-01	0.00E+00	0.00E+00	0.0866191	0.260037	0.9	
0.00E+00	5.71E-01	0.00E+00	0.00E+00	0.0866191	0.260037	0.9	
0.00E+00	5.47E-01	0.00E+00	0.00E+00	0.0866191	0.260037	0.9	
0.00E+00	5.23E-01	0.00E+00	0.00E+00	0.0866191	0.260037	0.9	
0.00E+00	4.96E-01	0.00E+00	0.00E+00	0.0866191	0.260037	0.9	
0.00E+00	4.69E-01	0.00E+00	0.00E+00	0.0866191	0.260037	0.9	
0.00E+00	4.40E-01	0.00E+00	0.00E+00	0.0866191	0.260037	0.9	
0.00E+00	4.09E-01	0.00E+00	0.00E+00	0.0866191	0.260037	0.9	
0.00E+00	3.77E-01	0.00E+00	0.00E+00	0.0866191	0.260037	0.9	
0.00E+00	3.42E-01	0.00E+00	0.00E+00	0.0866191	0.260037	0.9	
0.00E+00	3.06E-01	0.00E+00	0.00E+00	0.0866191	0.260037	0.9	
0.00E+00	2.68E-01	0.00E+00	0.00E+00	0.0866191	0.260037	0.9	
0.00E+00	2.28E-01	0.00E+00	0.00E+00	0.0866191	0.260037	0.9	
0.00E+00	1.86E-01	0.00E+00	0.00E+00	0.0866191	0.260037	0.9	
0.00E+00	1.46E-01	0.00E+00	0.00E+00	0.0866191	0.260037	0.9	
0.00E+00	1.03E-01	0.00E+00	0.00E+00	0.0866191	0.260037	0.9	
0.00E+00	5.82E-02	0.00E+00	0.00E+00	0.0866191	0.260037	0.9	
0.00E+00	1.11E-02	0.00E+00	0.00E+00	0.0866191	0.260037	0.9	
0.00E+00	0.00E+00	0.00E+00	0.00E+00	0.0866191	0.260037	0.9	
9.80E-01	9.99E-01	0.00E+00	9.04E-03	0	0.027377	0.7	
9.80E-01	9.99E-01	0.00E+00	8.96E-03	0	0.027377	0.7	
9.80E-01	9.99E-01	0.00E+00	8.88E-03	0	0.0292021	0.7	
9.80E-01	9.99E-01	0.00E+00	8.76E-03	0	0.0292021	0.7	
9.80E-01	9.99E-01	0.00E+00	8.68E-03	0	0.0292021	0.7	
9.80E-01	9.99E-01	0.00E+00	8.60E-03	0	0.0292021	0.7	
9.80E-01	9.99E-01	0.00E+00	8.48E-03	0	0.0292021	0.7	
9.80E-01	9.99E-01	0.00E+00	8.40E-03	0	0.0383277	0.7	
9.80E-01	9.99E-01	0.00E+00	8.32E-03	0	0.0383277	0.7	
9.80E-01	9.99E-01	0.00E+00	8.24E-03	0	0.0383277	0.7	
9.80E-01	9.99E-01	0.00E+00	8.12E-03	0	0.0383277	0.7	
9.80E-01	9.99E-01	0.00E+00	8.04E-03	0	0.0383277	0.7	
9.80E-01	9.99E-01	0.00E+00	7.96E-03	0	0.0456284	0.7	
9.80E-01	9.99E-01	0.00E+00	7.88E-03	0	0.0456284	0.7	
9.80E-01	9.99E-01	0.00E+00	7.80E-03	0	0.0456284	0.7	
9.80E-01	9.99E-01	0.00E+00	7.68E-03	0	0.0456284	0.7	
9.80E-01	9.99E-01	0.00E+00	7.60E-03	0	0.0456284	0.7	
9.80E-01	9.99E-01	0.00E+00	7.52E-03	0	0.0492786	0.7	
9.80E-01	9.98E-01	0.00E+00	7.44E-03	0	0.0492786	0.7	
9.80E-01	9.98E-01	0.00E+00	7.36E-03	0	0.0492786	0.7	
9.80E-01	9.98E-01	0.00E+00	7.28E-03	0	0.0492786	0.7	
9.80E-01	9.98E-01	0.00E+00	7.20E-03	0	0.0492786	0.7	
9.80E-01	9.98E-01	0.00E+00	7.08E-03	0	0.0584042	0.7	
9.80E-01	9.98E-01	0.00E+00	7.00E-03	0	0.0584042	0.7	
9.80E-01	9.97E-01	0.00E+00	6.92E-03	0	0.0584042	0.7	
9.80E-01	9.97E-01	0.00E+00	6.84E-03	0	0.0584042	0.7	
9.80E-01	9.97E-01	0.00E+00	6.76E-03	0	0.0584042	0.7	
9.80E-01	9.97E-01	0.00E+00	6.68E-03	0	0.0711801	0.7	
9.80E-01	9.97E-01	0.00E+00	6.56E-03	0	0.0711801	0.7	
9.80E-01	9.96E-01	0.00E+00	6.48E-03	0	0.0711801	0.7	
9.80E-01	9.96E-01	0.00E+00	6.40E-03	0	0.0711801	0.7	
9.80E-01	9.96E-01	0.00E+00	6.32E-03	0	0.0711801	0.7	
9.80E-01	9.96E-01	0.00E+00	6.24E-03	0	0.0894315	0.7	
9.80E-01	9.95E-01	0.00E+00	6.12E-03	0	0.0894315	0.7	
9.80E-01	9.95E-01	0.00E+00	6.04E-03	0	0.0894315	0.7	
9.80E-01	9.94E-01	0.00E+00	5.96E-03	0	0.0894315	0.7	
9.80E-01	9.94E-01	0.00E+00	5.88E-03	0	0.0894315	0.7	
9.80E-01	9.93E-01	0.00E+00	5.76E-03	0	0.113158	0.7	
9.80E-01	9.93E-01	0.00E+00	5.68E-03	0	0.113158	0.7	
9.80E-01	9.92E-01	0.00E+00	5.56E-03	0	0.113158	0.7	
9.80E-01	9.91E-01	0.00E+00	5.48E-03	0	0.113158	0.7	
9.80E-01	9.90E-01	0.00E+00	5.36E-03	0	0.113158	0.7	
9.80E-01	9.89E-01	0.00E+00	5.28E-03	0	0.14601	0.7	
9.80E-01	9.88E-01	0.00E+00	5.16E-03	0	0.14601	0.7	
9.80E-01	9.87E-01	0.00E+00	5.04E-03	0	0.14601	0.7	
0.00E+00	9.85E-01	0.00E+00	4.92E-03	0	0.14601	0.7	
0.00E+00	9.84E-01	0.00E+00	4.80E-03	0	0.14601	0.7	
0.00E+00	9.82E-01	0.00E+00	4.68E-03	0.267732	0.197114	0.7	
0.00E+00	9.80E-01	0.00E+00	4.56E-03	0.267732	0.204177	0.7	
0.00E+00	9.79E-01	0.00E+00	4.40E-03	0.267732	0.201609	0.7	
0.00E+00	9.77E-01	0.00E+00	4.28E-03	0.267732	0.204819	0.7	
0.00E+00	9.74E-01	0.00E+00	4.12E-03	0.267732	0.21766	0.7	
0.00E+00	9.72E-01	0.00E+00	4.00E-03	0.267732	0.222797	0.7	
0.00E+00	9.69E-01	0.00E+00	3.84E-03	0.267732	0.216376	0.7	
0.00E+00	9.67E-01	0.00E+00	3.68E-03	0.267732	0.224081	0.7	
0.00E+00	9.64E-01	0.00E+00	3.52E-03	0.267732	0.243343	0.7	
0.00E+00	9.60E-01	0.00E+00	3.36E-03	0.267732	0.242701	0.9	
0.00E+00	9.56E-01	0.00E+00	3.20E-03	0.267732	0.237564	0.9	
0.00E+00	9.51E-01	0.00E+00	3.04E-03	0.267732	0.24848	0.9	
0.00E+00	9.46E-01	0.00E+00	2.84E-03	0.267732	0.238206	0.9	
0.00E+00	9.40E-01	0.00E+00	2.68E-03	0.267732	0.276088	0.9	
0.00E+00	9.34E-01	0.00E+00	2.48E-03	0.267732	0.269668	0.9	
0.00E+00	9.26E-01	0.00E+00	2.28E-03	0.267732	0.265815	0.9	
0.00E+00	9.18E-01	0.00E+00	2.12E-03	0.267732	0.269668	0.9	
0.00E+00	9.09E-01	0.00E+00	1.92E-03	0.267732	0.261321	0.9	
0.00E+00	8.98E-01	0.00E+00	1.72E-03	0.267732	0.338369	0.9	
0.00E+00	8.87E-01	0.00E+00	1.52E-03	0.267732	0.33259	0.9	
0.00E+00	8.74E-01	0.00E+00	1.36E-03	0.267732	0.331306	0.9	
0.00E+00	8.60E-01	0.00E+00	1.16E-03	0.267732	0.324243	0.9	
0.00E+00	8.45E-01	0.00E+00	1.00E-03	0.267732	0.321675	0.9	
0.00E+00	8.29E-01	0.00E+00	8.40E-04	0.267732	0.260037	0.9	
0.00E+00	8.12E-01	0.00E+00	6.80E-04	0.267732	0.260037	0.9	
0.00E+00	7.93E-01	0.00E+00	5.60E-04	0.267732	0.260037	0.9	
0.00E+00	7.73E-01	0.00E+00	4.40E-04	0.267732	0.260037	0.9	
0.00E+00	7.52E-01	0.00E+00	3.20E-04	0.267732	0.260037	0.9	
0.00E+00	7.31E-01	0.00E+00	2.40E-04	0.267732	0.260037	0.9	
0.00E+00	7.11E-01	0.00E+00	1.60E-04	0.267732	0.260037	0.9	
0.00E+00	6.90E-01	0.00E+00	1.20E-04	0.267732	0.260037	0.9	
0.00E+00	6.71E-01	0.00E+00	8.00E-05	0.267732	0.260037	0.9	
0.00E+00	6.53E-01	0.00E+00	4.00E-05	0.267732	0.260037	0.9	
0.00E+00	6.34E-01	0.00E+00	4.00E-05	0.267732	0.260037	0.9	
0.00E+00	6.14E-01	0.00E+00	4.00E-05	0.267732	0.260037	0.9	
0.00E+00	5.93E-01	0.00E+00	0.00E+00	0.267732	0.260037	0.9	
0.00E+00	5.71E-01	0.00E+00	0.00E+00	0.267732	0.260037	0.9	
0.00E+00	5.47E-01	0.00E+00	0.00E+00	0.267732	0.260037	0.9	
0.00E+00	5.23E-01	0.00E+00	0.00E+00	0.267732	0.260037	0.9	
0.00E+00	4.96E-01	0.00E+00	0.00E+00	0.267732	0.260037	0.9	
0.00E+00	4.69E-01	0.00E+00	0.00E+00	0.267732	0.260037	0.9	
0.00E+00	4.40E-01	0.00E+00	0.00E+00	0.267732	0.260037	0.9	
0.00E+00	4.09E-01	0.00E+00	0.00E+00	0.267732	0.260037	0.9	
0.00E+00	3.77E-01	0.00E+00	0.00E+00	0.267732	0.260037	0.9	
0.00E+00	3.42E-01	0.00E+00	0.00E+00	0.267732	0.260037	0.9	
0.00E+00	3.06E-01	0.00E+00	0.00E+00	0.267732	0.260037	0.9	
0.00E+00	2.68E-01	0.00E+00	0.00E+00	0.267732	0.260037	0.9	
0.00E+00	2.28E-01	0.00E+00	0.00E+00	0.267732	0.260037	0.9	
0.00E+00	1.86E-01	0.00E+00	0.00E+00	0.267732	0.260037	0.9	
0.00E+00	1.46E-01	0.00E+00	0.00E+00	0.267732	0.260037	0.9	
0.00E+00	1.03E-01	0.00E+00	0.00E+00	0.267732	0.260037	0.9	
0.00E+00	5.82E-02	0.00E+00	0.00E+00	0.267732	0.260037	0.9	
0.00E+00	1.11E-02	0.00E+00	0.00E+00	0.267732	0.260037	0.9	
0.00E+00	0.00E+00	0.00E+00	0.00E+00	0.267732	0.260037	0.9	
2.05E+00	9.99E-01	0.00E+00	4.75E-03	0	0.027377	0.7	
2.05E+00	9.99E-01	0.00E+00	4.71E-03	0	0.027377	0.7	
2.05E+00	9.99E-01	0.00E+00	4.66E-03	0	0.0292021	0.7	
2.05E+00	9.99E-01	0.00E+00	4.60E-03	0	0.0292021	0.7	
2.05E+00	9.99E-01	0.00E+00	4.56E-03	0	0.0292021	0.7	
2.05E+00	9.99E-01	0.00E+00	4.52E-03	0	0.0292021	0.7	
2.05E+00	9.99E-01	0.00E+00	4.45E-03	0	0.0292021	0.7	
2.05E+00	9.99E-01	0.00E+00	4.41E-03	0	0.0383277	0.7	
2.05E+00	9.99E-01	0.00E+00	4.37E-03	0	0.0383277	0.7	
2.05E+00	9.99E-01	0.00E+00	4.33E-03	0	0.0383277	0.7	
2.05E+00	9.99E-01	0.00E+00	4.26E-03	0	0.0383277	0.7	
2.05E+00	9.99E-01	0.00E+00	4.22E-03	0	0.0383277	0.7	
2.05E+00	9.99E-01	0.00E+00	4.18E-03	0	0.0456284	0.7	
2.05E+00	9.99E-01	0.00E+00	4.14E-03	0	0.0456284	0.7	
2.05E+00	9.99E-01	0.00E+00	4.10E-03	0	0.0456284	0.7	
2.05E+00	9.99E-01	0.00E+00	4.03E-03	0	0.0456284	0.7	
2.05E+00	9.99E-01	0.00E+00	3.99E-03	0	0.0456284	0.7	
2.05E+00	9.99E-01	0.00E+00	3.95E-03	0	0.0492786	0.7	
2.05E+00	9.98E-01	0.00E+00	3.91E-03	0	0.0492786	0.7	
2.05E+00	9.98E-01	0.00E+00	3.87E-03	0	0.0492786	0.7	
2.05E+00	9.98E-01	0.00E+00	3.82E-03	0	0.0492786	0.7	
2.05E+00	9.98E-01	0.00E+00	3.78E-03	0	0.0492786	0.7	
2.05E+00	9.98E-01	0.00E+00	3.72E-03	0	0.0584042	0.7	
2.05E+00	9.98E-01	0.00E+00	3.68E-03	0	0.0584042	0.7	
2.05E+00	9.97E-01	0.00E+00	3.63E-03	0	0.0584042	0.7	
2.05E+00	9.97E-01	0.00E+00	3.59E-03	0	0.0584042	0.7	
2.05E+00	9.97E-01	0.00E+00	3.55E-03	0	0.0584042	0.7	
2.05E+00	9.97E-01	0.00E+00	3.51E-03	0	0.0711801	0.7	
2.05E+00	9.97E-01	0.00E+00	3.45E-03	0	0.0711801	0.7	
2.05E+00	9.96E-01	0.00E+00	3.40E-03	0	0.0711801	0.7	
2.05E+00	9.96E-01	0.00E+00	3.36E-03	0	0.0711801	0.7	
2.05E+00	9.96E-01	0.00E+00	3.32E-03	0	0.0711801	0.7	
2.05E+00	9.96E-01	0.00E+00	3.28E-03	0	0.0894315	0.7	
2.05E+00	9.95E-01	0.00E+00	3.21E-03	0	0.0894315	0.7	
2.05E+00	9.95E-01	0.00E+00	3.17E-03	0	0.0894315	0.7	
2.05E+00	9.94E-01	0.00E+00	3.13E-03	0	0.0894315	0.7	
2.05E+00	9.94E-01	0.00E+00	3.09E-03	0	0.0894315	0.7	
2.05E+00	9.93E-01	0.00E+00	3.02E-03	0	0.113158	0.7	
2.05E+00	9.93E-01	0.00E+00	2.98E-03	0	0.113158	0.7	
2.05E+00	9.92E-01	0.00E+00	2.92E-03	0	0.113158	0.7	
2.05E+00	9.91E-01	0.00E+00	2.88E-03	0	0.113158	0.7	
2.05E+00	9.90E-01	0.00E+00	2.81E-03	0	0.113158	0.7	
2.05E+00	9.89E-01	0.00E+00	2.77E-03	0	0.14601	0.7	
2.05E+00	9.88E-01	0.00E+00	2.71E-03	0	0.14601	0.7	
2.05E+00	9.87E-01	0.00E+00	2.65E-03	0	0.14601	0.7	
0.00E+00	9.85E-01	0.00E+00	2.58E-03	0	0.14601	0.7	
0.00E+00	9.84E-01	0.00E+00	2.52E-03	0	0.14601	0.7	
0.00E+00	9.82E-01	0.00E+00	2.46E-03	0.564336	0.197114	0.7	
0.00E+00	9.80E-01	0.00E+00	2.39E-03	0.564336	0.204177	0.7	
0.00E+00	9.79E-01	0.00E+00	2.31E-03	0.564336	0.201609	0.7	
0.00E+00	9.77E-01	0.00E+00	2.25E-03	0.564336	0.204819	0.7	
0.00E+00	9.74E-01	0.00E+00	2.16E-03	0.564336	0.21766	0.7	
0.00E+00	9.72E-01	0.00E+00	2.10E-03	0.564336	0.222797	0.7	
0.00E+00	9.69E-01	0.00E+00	2.02E-03	0.564336	0.216376	0.7	
0.00E+00	9.67E-01	0.00E+00	1.93E-03	0.564336	0.224081	0.7	
0.00E+00	9.64E-01	0.00E+00	1.85E-03	0.564336	0.243343	0.7	
0.00E+00	9.60E-01	0.00E+00	1.76E-03	0.564336	0.242701	0.9	
0.00E+00	9.56E-01	0.00E+00	1.68E-03	0.564336	0.237564	0.9	
0.00E+00	9.51E-01	0.00E+00	1.60E-03	0.564336	0.24848	0.9	
0.00E+00	9.46E-01	0.00E+00	1.49E-03	0.564336	0.238206	0.9	
0.00E+00	9.40E-01	0.00E+00	1.41E-03	0.564336	0.276088	0.9	
0.00E+00	9.34E-01	0.00E+00	1.30E-03	0.564336	0.269668	0.9	
0.00E+00	9.26E-01	0.00E+00	1.20E-03	0.564336	0.265815	0.9	
0.00E+00	9.18E-01	0.00E+00	1.11E-03	0.564336	0.269668	0.9	
0.00E+00	9.09E-01	0.00E+00	1.01E-03	0.564336	0.261321	0.9	
0.00E+00	8.98E-01	0.00E+00	9.03E-04	0.564336	0.338369	0.9	
0.00E+00	8.87E-01	0.00E+00	7.98E-04	0.564336	0.33259	0.9	
0.00E+00	8.74E-01	0.00E+00	7.14E-04	0.564336	0.331306	0.9	
0.00E+00	8.60E-01	0.00E+00	6.09E-04	0.564336	0.324243	0.9	
0.00E+00	8.45E-01	0.00E+00	5.25E-04	0.564336	0.321675	0.9	
0.00E+00	8.29E-01	0.00E+00	4.41E-04	0.564336	0.260037	0.9	
0.00E+00	8.12E-01	0.00E+00	3.57E-04	0.564336	0.260037	0.9	
0.00E+00	7.93E-01	0.00E+00	2.94E-04	0.564336	0.260037	0.9	
0.00E+00	7.73E-01	0.00E+00	2.31E-04	0.564336	0.260037	0.9	
0.00E+00	7.52E-01	0.00E+00	1.68E-04	0.564336	0.260037	0.9	
0.00E+00	7.31E-01	0.00E+00	1.26E-04	0.564336	0.260037	0.9	
0.00E+00	7.11E-01	0.00E+00	8.40E-05	0.564336	0.260037	0.9	
0.00E+00	6.90E-01	0.00E+00	6.30E-05	0.564336	0.260037	0.9	
0.00E+00	6.71E-01	0.00E+00	4.20E-05	0.564336	0.260037	0.9	
0.00E+00	6.53E-01	0.00E+00	2.10E-05	0.564336	0.260037	0.9	
0.00E+00	6.34E-01	0.00E+00	2.10E-05	0.564336	0.260037	0.9	
0.00E+00	6.14E-01	0.00E+00	2.10E-05	0.564336	0.260037	0.9	
0.00E+00	5.93E-01	0.00E+00	0.00E+00	0.564336	0.260037	0.9	
0.00E+00	5.71E-01	0.00E+00	0.00E+00	0.564336	0.260037	0.9	
0.00E+00	5.47E-01	0.00E+00	0.00E+00	0.564336	0.260037	0.9	
0.00E+00	5.23E-01	0.00E+00	0.00E+00	0.564336	0.260037	0.9	
0.00E+00	4.96E-01	0.00E+00	0.00E+00	0.564336	0.260037	0.9	
0.00E+00	4.69E-01	0.00E+00	0.00E+00	0.564336	0.260037	0.9	
0.00E+00	4.40E-01	0.00E+00	0.00E+00	0.564336	0.260037	0.9	
0.00E+00	4.09E-01	0.00E+00	0.00E+00	0.564336	0.260037	0.9	
0.00E+00	3.77E-01	0.00E+00	0.00E+00	0.564336	0.260037	0.9	
0.00E+00	3.42E-01	0.00E+00	0.00E+00	0.564336	0.260037	0.9	
0.00E+00	3.06E-01	0.00E+00	0.00E+00	0.564336	0.260037	0.9	
0.00E+00	2.68E-01	0.00E+00	0.00E+00	0.564336	0.260037	0.9	
0.00E+00	2.28E-01	0.00E+00	0.00E+00	0.564336	0.260037	0.9	
0.00E+00	1.86E-01	0.00E+00	0.00E+00	0.564336	0.260037	0.9	
0.00E+00	1.46E-01	0.00E+00	0.00E+00	0.564336	0.260037	0.9	
0.00E+00	1.03E-01	0.00E+00	0.00E+00	0.564336	0.260037	0.9	
0.00E+00	5.82E-02	0.00E+00	0.00E+00	0.564336	0.260037	0.9	
0.00E+00	1.11E-02	0.00E+00	0.00E+00	0.564336	0.260037	0.9	
0.00E+00	0.00E+00	0.00E+00	0.00E+00	0.564336	0.260037	0.9	
6.25E+00	9.99E-01	0.00E+00	2.26E-04	0	0.027377	0.7	
6.25E+00	9.99E-01	0.00E+00	2.24E-04	0	0.027377	0.7	
6.25E+00	9.99E-01	0.00E+00	2.22E-04	0	0.0292021	0.7	
6.25E+00	9.99E-01	0.00E+00	2.19E-04	0	0.0292021	0.7	
6.25E+00	9.99E-01	0.00E+00	2.17E-04	0	0.0292021	0.7	
6.25E+00	9.99E-01	0.00E+00	2.15E-04	0	0.0292021	0.7	
6.25E+00	9.99E-01	0.00E+00	2.12E-04	0	0.0292021	0.7	
6.25E+00	9.99E-01	0.00E+00	2.10E-04	0	0.0383277	0.7	
6.25E+00	9.99E-01	0.00E+00	2.08E-04	0	0.0383277	0.7	
6.25E+00	9.99E-01	0.00E+00	2.06E-04	0	0.0383277	0.7	
6.25E+00	9.99E-01	0.00E+00	2.03E-04	0	0.0383277	0.7	
6.25E+00	9.99E-01	0.00E+00	2.01E-04	0	0.0383277	0.7	
6.25E+00	9.99E-01	0.00E+00	1.99E-04	0	0.0456284	0.7	
6.25E+00	9.99E-01	0.00E+00	1.97E-04	0	0.0456284	0.7	
6.25E+00	9.99E-01	0.00E+00	1.95E-04	0	0.0456284	0.7	
6.25E+00	9.99E-01	0.00E+00	1.92E-04	0	0.0456284	0.7	
6.25E+00	9.99E-01	0.00E+00	1.90E-04	0	0.0456284	0.7	
6.25E+00	9.99E-01	0.00E+00	1.88E-04	0	0.0492786	0.7	
6.25E+00	9.98E-01	0.00E+00	1.86E-04	0	0.0492786	0.7	
6.25E+00	9.98E-01	0.00E+00	1.84E-04	0	0.0492786	0.7	
6.25E+00	9.98E-01	0.00E+00	1.82E-04	0	0.0492786	0.7	
6.25E+00	9.98E-01	0.00E+00	1.80E-04	0	0.0492786	0.7	
6.25E+00	9.98E-01	0.00E+00	1.77E-04	0	0.0584042	0.7	
6.25E+00	9.98E-01	0.00E+00	1.75E-04	0	0.0584042	0.7	
6.25E+00	9.97E-01	0.00E+00	1.73E-04	0	0.0584042	0.7	
6.25E+00	9.97E-01	0.00E+00	1.71E-04	0	0.0584042	0.7	
6.25E+00	9.97E-01	0.00E+00	1.69E-04	0	0.0584042	0.7	
6.25E+00	9.97E-01	0.00E+00	1.67E-04	0	0.0711801	0.7	
6.25E+00	9.97E-01	0.00E+00	1.64E-04	0	0.0711801	0.7	
6.25E+00	9.96E-01	0.00E+00	1.62E-04	0	0.0711801	0.7	
6.25E+00	9.96E-01	0.00E+00	1.60E-04	0	0.0711801	0.7	
6.25E+00	9.96E-01	0.00E+00	1.58E-04	0	0.0711801	0.7	
6.25E+00	9.96E-01	0.00E+00	1.56E-04	0	0.0894315	0.7	
6.25E+00	9.95E-01	0.00E+00	1.53E-04	0	0.0894315	0.7	
6.25E+00	9.95E-01	0.00E+00	1.51E-04	0	0.0894315	0.7	
6.25E+00	9.94E-01	0.00E+00	1.49E-04	0	0.0894315	0.7	
6.25E+00	9.94E-01	0.00E+00	1.47E-04	0	0.0894315	0.7	
6.25E+00	9.93E-01	0.00E+00	1.44E-04	0	0.113158	0.7	
6.25E+00	9.93E-01	0.00E+00	1.42E-04	0	0.113158	0.7	
6.25E+00	9.92E-01	0.00E+00	1.39E-04	0	0.113158	0.7	
6.25E+00	9.91E-01	0.00E+00	1.37E-04	0	0.113158	0.7	
6.25E+00	9.90E-01	0.00E+00	1.34E-04	0	0.113158	0.7	
6.25E+00	9.89E-01	0.00E+00	1.32E-04	0	0.14601	0.7	
6.25E+00	9.88E-01	0.00E+00	1.29E-04	0	0.14601	0.7	
6.25E+00	9.87E-01	0.00E+00	1.26E-04	0	0.14601	0.7	
0.00E+00	9.85E-01	0.00E+00	1.23E-04	2.04918	0.14601	0.7	
0.00E+00	9.84E-01	0.00E+00	1.20E-04	2.04918	0.14601	0.7	
0.00E+00	9.82E-01	0.00E+00	1.17E-04	2.04918	0.197114	0.7	
0.00E+00	9.80E-01	0.00E+00	1.14E-04	2.04918	0.204177	0.7	
0.00E+00	9.79E-01	0.00E+00	1.10E-04	2.04918	0.201609	0.7	
0.00E+00	9.77E-01	0.00E+00	1.07E-04	2.04918	0.204819	0.7	
0.00E+00	9.74E-01	0.00E+00	1.03E-04	2.04918	0.21766	0.7	
0.00E+00	9.72E-01	0.00E+00	1.00E-04	2.04918	0.222797	0.7	
0.00E+00	9.69E-01	0.00E+00	9.60E-05	2.04918	0.216376	0.7	
0.00E+00	9.67E-01	0.00E+00	9.20E-05	2.04918	0.224081	0.7	
0.00E+00	9.64E-01	0.00E+00	8.80E-05	2.04918	0.243343	0.7	
0.00E+00	9.60E-01	0.00E+00	8.40E-05	2.04918	0.242701	0.9	
0.00E+00	9.56E-01	0.00E+00	8.00E-05	2.04918	0.237564	0.9	
0.00E+00	9.51E-01	0.00E+00	7.60E-05	2.04918	0.24848	0.9	
0.00E+00	9.46E-01	0.00E+00	7.10E-05	2.04918	0.238206	0.9	
0.00E+00	9.40E-01	0.00E+00	6.70E-05	2.04918	0.276088	0.9	
0.00E+00	9.34E-01	0.00E+00	6.20E-05	2.04918	0.269668	0.9	
0.00E+00	9.26E-01	0.00E+00	5.70E-05	2.04918	0.265815	0.9	
0.00E+00	9.18E-01	0.00E+00	5.30E-05	2.04918	0.269668	0.9	
0.00E+00	9.09E-01	0.00E+00	4.80E-05	2.04918	0.261321	0.9	
0.00E+00	8.98E-01	0.00E+00	4.30E-05	2.04918	0.338369	0.9	
0.00E+00	8.87E-01	0.00E+00	3.80E-05	2.04918	0.33259	0.9	
0.00E+00	8.74E-01	0.00E+00	3.40E-05	2.04918	0.331306	0.9	
0.00E+00	8.60E-01	0.00E+00	2.90E-05	2.04918	0.324243	0.9	
0.00E+00	8.45E-01	0.00E+00	2.50E-05	2.04918	0.321675	0.9	
0.00E+00	8.29E-01	0.00E+00	2.10E-05	2.04918	0.260037	0.9	
0.00E+00	8.12E-01	0.00E+00	1.70E-05	2.04918	0.260037	0.9	
0.00E+00	7.93E-01	0.00E+00	1.40E-05	2.04918	0.260037	0.9	
0.00E+00	7.73E-01	0.00E+00	1.10E-05	2.04918	0.260037	0.9	
0.00E+00	7.52E-01	0.00E+00	8.00E-06	2.04918	0.260037	0.9	
0.00E+00	7.31E-01	0.00E+00	6.00E-06	2.04918	0.260037	0.9	
0.00E+00	7.11E-01	0.00E+00	4.00E-06	2.04918	0.260037	0.9	
0.00E+00	6.90E-01	0.00E+00	3.00E-06	2.04918	0.260037	0.9	
0.00E+00	6.71E-01	0.00E+00	2.00E-06	2.04918	0.260037	0.9	
0.00E+00	6.53E-01	0.00E+00	1.00E-06	2.04918	0.260037	0.9	
0.00E+00	6.34E-01	0.00E+00	1.00E-06	2.04918	0.260037	0.9	
0.00E+00	6.14E-01	0.00E+00	1.00E-06	2.04918	0.260037	0.9	
0.00E+00	5.93E-01	0.00E+00	0.00E+00	2.04918	0.260037	0.9	
0.00E+00	5.71E-01	0.00E+00	0.00E+00	2.04918	0.260037	0.9	
0.00E+00	5.47E-01	0.00E+00	0.00E+00	2.04918	0.260037	0.9	
0.00E+00	5.23E-01	0.00E+00	0.00E+00	2.04918	0.260037	0.9	
0.00E+00	4.96E-01	0.00E+00	0.00E+00	2.04918	0.260037	0.9	
0.00E+00	4.69E-01	0.00E+00	0.00E+00	2.04918	0.260037	0.9	
0.00E+00	4.40E-01	0.00E+00	0.00E+00	2.04918	0.260037	0.9	
0.00E+00	4.09E-01	0.00E+00	0.00E+00	2.04918	0.260037	0.9	
0.00E+00	3.77E-01	0.00E+00	0.00E+00	2.04918	0.260037	0.9	
0.00E+00	3.42E-01	0.00E+00	0.00E+00	2.04918	0.260037	0.9	
0.00E+00	3.06E-01	0.00E+00	0.00E+00	2.04918	0.260037	0.9	
0.00E+00	2.68E-01	0.00E+00	0.00E+00	2.04918	0.260037	0.9	
0.00E+00	2.28E-01	0.00E+00	0.00E+00	2.04918	0.260037	0.9	
0.00E+00	1.86E-01	0.00E+00	0.00E+00	2.04918	0.260037	0.9	
0.00E+00	1.46E-01	0.00E+00	0.00E+00	2.04918	0.260037	0.9	
0.00E+00	1.03E-01	0.00E+00	0.00E+00	2.04918	0.260037	0.9	
0.00E+00	5.82E-02	0.00E+00	0.00E+00	2.04918	0.260037	0.9	
0.00E+00	1.11E-02	0.00E+00	0.00E+00	2.04918	0.260037	0.9	
0.00E+00	0.00E+00	0.00E+00	0.00E+00	2.04918	0.260037	0.9	
4	Number	of	bequests				
0.00E+00	101	1					
0.00E+00	202	102					
0.00E+00	303	203					
0.00E+00	404	304					
